00330: 00561 00053 00250 00310 00620 00410 00350 00010 00280 00770 00480 00360 00340 00630 00260 00270 00380
00561: 00330 00053 00310 00565 00620 00051 00830 00410 00600 00010 00280 00770 00040 00340 00630 00564 00260 00790 00030 00100 00380 00052
00592: 01040 01212 00565 00410 00280 00564 00640 00590 00591
00053: 00330 00561 00980 00310 00620 00982 00830 00410 00562 00010 00280 00531 00520 00770 00040 00140 00340 00983 00260 00380
00020: 00310 00620 00010 00280 00190 00480 00630 00260 00270 00640 00380
00533: 00510 00603 00601 00604 00052
00534: 00532
00563: 00510
00250: 00330 00910 00650 00230 00410 00350 00280 00520 00360 00340 00630 00260 00270 00640 00380 00430 00240
00980: 00053 00620 00982 00830 00410 00350 00010 00040 00480 00360 00140 00340 00983 00790 00380 00590 00591
00310: 00330 00561 00053 00020 01212 00650 00620 00410 00900 00010 00280 00770 00340 00630 00260 00640 00380
01040: 00592 01212 00410 00280 00140 00120 00640 00430
00910: 00250 00630
00760: 00230 00982 00830 00500 00350 00280 00770 00740 00380 00240
01212: 00592 00310 01040 00650 00620 00410 00900 00280 00140 00630 00120 00640 00380
00565: 00561 00592 00600 00564 00590 00591
00650: 00250 00310 01212 00620 00410 00900 00280 00630 00640 00380 00430
00620: 00330 00561 00053 00020 00980 00310 01212 00650 00982 00830 00410 00900 00350 00010 00280 00770 00040 00340 00630 00260 00270 00640 00380
00510: 00533 00563 00140 00601 00052
00051: 00561 00500 00562 00010 00520 00040 00790 00030 00052
00230: 00250 00760 00670 00500 00010 00920 00520 00770 00480 00983 00564 00270 00030 00740 00052 00240
00982: 00053 00980 00760 00620 00830 00410 00350 00010 00280 00040 00480 00360 00140 00340 00983 00380 00590 00430 00591
00603: 00533 00600 00531 00520 00511 00601 00604
00830: 00561 00053 00980 00760 00620 00982 00350 00010 00280 00040 00140 00983 00380 00590 00591
00410: 00330 00561 00592 00053 00250 00980 00310 01040 01212 00650 00620 00982 00350 00562 00010 00280 00770 00360 00340 00983 00260 00640 00380 00430 00240
00900: 00310 01212 00650 00620 00280 00630 00380
00600: 00561 00565 00603 00531 00520 00511 00564 00604 00052
00670: 00230 00340 00630 00260 00270 00790 00240
00500: 00760 00051 00230 00010 00520 00770 00040 00030 00740 00052 00240
00350: 00330 00250 00980 00760 00620 00982 00830 00410 00010 00280 00360 00140 00340 00260 00270 00790 00380
00562: 00053 00051 00410 00010 00280 00564 00640
00010: 00330 00561 00053 00020 00980 00310 00620 00051 00230 00982 00830 00410 00500 00350 00562 00280 00520 00770 00040 00360 00340 00630 00260 00270 00030 00640 00380 00052
00280: 00330 00561 00592 00053 00020 00250 00310 01040 00760 01212 00650 00620 00982 00830 00410 00900 00350 00562 00010 00770 00360 00340 00630 00260 00270 00640 00380 00290
00920: 00230 00270
00531: 00053 00603 00600 00520 00040 00511 00983 00604 00052
00520: 00053 00250 00051 00230 00603 00600 00500 00010 00531 00040 00511 00030 00604 00052
00770: 00330 00561 00053 00310 00760 00620 00230 00410 00500 00010 00280 00340 00983 00270 00740 00380 00430 00290 00240
00190: 00020
00040: 00561 00053 00980 00620 00051 00982 00830 00500 00010 00531 00520 00140 00983 00790 00030 00052
00480: 00330 00020 00980 00230 00982 00983 00270 00030 00590 00430 00240
00360: 00330 00250 00980 00982 00410 00350 00010 00280 00340 00260 00270 00790 00380
00140: 00053 00980 01040 01212 00510 00982 00830 00350 00040 00983 00790 00120 00100 00380 00590 00591
00340: 00330 00561 00053 00250 00980 00310 00620 00982 00410 00670 00350 00010 00280 00770 00360 00260 00380
00511: 00603 00600 00531 00520 00604 00052
00983: 00053 00980 00230 00982 00830 00410 00531 00770 00040 00480 00140 00590 00591 00240
00630: 00330 00561 00020 00250 00310 00910 01212 00650 00620 00900 00670 00010 00280 00260 00270 00030 00640 00380
00564: 00561 00592 00565 00230 00600 00562 00590 00591
00260: 00330 00561 00053 00020 00250 00310 00620 00410 00670 00350 00010 00280 00360 00340 00630 00270 00030 00640 00380 00290
00270: 00330 00020 00250 00620 00230 00670 00350 00010 00280 00920 00770 00480 00360 00630 00260 00640 00380 00430 00290
00790: 00561 00980 00051 00670 00350 00040 00360 00140 00380 00590 00052
00030: 00561 00051 00230 00500 00010 00520 00040 00480 00630 00260 00052
00601: 00533 00510 00603 00604 00052
00740: 00760 00230 00500 00770 00240
00604: 00533 00603 00600 00531 00520 00511 00601 00052
00120: 01040 01212 00140 00430
00640: 00592 00020 00250 00310 01040 01212 00650 00620 00410 00562 00010 00280 00630 00260 00270 00380
00100: 00561 00140
00380: 00330 00561 00053 00020 00250 00980 00310 00760 01212 00650 00620 00982 00830 00410 00900 00350 00010 00280 00770 00360 00140 00340 00630 00260 00270 00790 00640 00591
00590: 00592 00980 00565 00982 00830 00480 00140 00983 00564 00790 00430 00591
00430: 00250 01040 00650 00982 00410 00770 00480 00270 00120 00590
00532: 00534
00591: 00592 00980 00565 00982 00830 00140 00983 00564 00380 00590
00290: 00280 00770 00260 00270
00052: 00561 00533 00510 00051 00230 00600 00500 00010 00531 00520 00040 00511 00790 00030 00601 00604
00240: 00250 00760 00230 00410 00670 00500 00770 00480 00983 00740
